2000 0.525e-3 0.309e-3 0.239e-3
3000 0.525e-2 0.309e-2 0.239e-2
4000 0.525e-1 0.309e-1 0.239e-1
5000 0.442e+0 0.270e+0 0.214e+0
6000 0.283e1 0.205e1 0.175e1
7000 0.741e1 0.606e1 0.545e1
8000 0.138e2 0.120e2 0.111e2
9000 0.220e2 0.199e2 0.188e2
10000 0.317e2 0.296e2 0.284e2
11000 0.428e2 0.411e2 0.399e2
12000 0.547e2 0.541e2 0.533e2
13000 0.664e2 0.677e2 0.677e2
14000 0.769e2 0.815e2 0.825e2
15000 0.861e2 0.938e2 0.965e2
16000 0.941e2 0.105e3 0.109e3
17000 0.102e3 0.115e3 0.120e3
18000 0.112e3 0.124e3 0.131e3
19000 0.126e3 0.135e3 0.142e3
20000 0.149e3 0.150e3 0.154e3